&CONTROL
   calculation      = 'scf'
   restart_mode     = 'from_scratch'
   tstress          = .true.
   tprnfor          = .true.
   outdir           = './outputs'
   disk_io          = 'low'
   pseudo_dir       = '/home/sabeel/VOCC_Simulation/pseudopotentials/SSSP_Precision'
/
&SYSTEM
   ecutwfc          = 80
   ecutrho          = 360
   occupations      = 'smearing'
   degauss          = 0.01
   smearing         = 'gaussian'
   ntyp             = 5
   nat              = 340
   ibrav            = 0
/
&ELECTRONS
   electron_maxstep = 500
   conv_thr         = 1e-08
   mixing_beta      = 0.1
/
&IONS
/
&CELL
/
&FCP
/
&RISM
/
ATOMIC_SPECIES
Na 22.98976928 Na.paw.z_9.ld1.psl.v1.0.0-low.upf
B 10.81 B_pbe_v1.01.uspp.F.UPF
Si 28.085 Si.pbe-n-rrkjus_psl.1.0.0.UPF
O 15.999 O.pbe-n-kjpaw_psl.0.1.UPF
Al 26.9815385 Al.pbe-n-kjpaw_psl.1.0.0.UPF

K_POINTS automatic
1 1 1  0 0 0

CELL_PARAMETERS angstrom
18.77972602840000 0.00000000000000 0.00000000000000
0.00000000000000 18.77972602840000 0.00000000000000
0.00000000000000 0.00000000000000 58.07941818240000

ATOMIC_POSITIONS angstrom
Na 4.6504742930 2.4174416670 27.0463767010  
Na 4.4077339120 7.4457833800 34.4740530700  
Na 4.8466077320 8.3705671830 31.0832841080  
Na 0.9107115050 0.5218745220 30.5693510770  
Na 4.4175801020 1.5269087250 24.1566428340  
Na 1.4033010190 4.4535423750 22.5027553170  
Na 2.1283180920 14.4584387680 34.9517626630  
Na 16.9714458630 3.6699510890 23.8517166460  
Na 9.7313560620 1.9043622310 28.0582885090  
Na 7.1431022740 0.2633883950 34.3718503620  
Na 6.6577498360 9.3696226860 25.8637109300  
B 17.9644230180 12.3194801460 27.5342329470  
B 7.0969312410 5.9911317450 34.7541994090  
B 11.9390850880 14.5686922090 25.1192890790  
B 18.7015306750 1.5547308610 34.6979215790  
B 13.1217313590 10.4921928630 26.1847026840  
B 1.6963335110 11.2632070070 22.9113437210  
B 17.7672076060 9.4234334710 27.7088830150  
B 0.0607476960 0.9899305210 24.1121105530  
B 2.3305864900 11.1554716770 30.0791886380  
B 7.8400275680 17.2737267020 29.1864645310  
B 8.7104640900 17.1032254690 23.1417510910  
B 9.5702487860 13.3203606830 28.1697441640  
B 7.5783247320 17.5922191520 31.7382450380  
B 13.3949657950 16.0758535950 23.5839486320  
B 4.8447427400 7.9208775530 24.1777476010  
B 3.4982741480 4.3922252180 25.4963653980  
B 4.0093200850 6.8825095090 28.3069732050  
B 6.6597643850 0.8687683330 28.7215131910  
B 15.1781607790 17.8491585370 30.4577844910  
B 9.2303154800 10.1563749310 24.2503099750  
B 4.6413833220 17.7479765650 26.4778988460  
B 13.3134089460 2.9410749080 31.3049734290  
B 9.1248967770 3.2783639090 25.3502584400  
Si 10.7809927180 6.9228465660 28.1350232510  
Si 18.0293185150 12.2472782730 23.8760603300  
Si 15.0794933860 17.3474994370 26.4617689450  
Si 12.3740112860 0.2093298210 26.8619688320  
Si 13.4238056080 15.9978738140 31.2846068010  
Si 7.6299103480 8.2079975350 31.9264331320  
Si 16.2487795620 0.3647013420 24.1634235190  
Si 16.5120028480 8.8722148160 25.0031883600  
Si 18.3309102520 15.3830846360 24.4220756480  
Si 1.7419698310 11.2685215620 27.2908140960  
Si 15.9478154350 12.7734688580 34.6108395840  
Si 14.3639329780 18.3283397050 35.2711507920  
Si 15.5548134020 16.9120902200 32.9243167710  
Si 4.5087707960 4.9119581250 30.0650087890  
Si 1.4688747610 16.1102173650 32.1394224650  
Si 3.3690514330 10.1816097620 24.8444419760  
Si 5.7195319450 5.9244276860 26.0226692450  
Si 3.5086953910 17.8343866050 34.0746077540  
Si 10.5119187490 18.6708296950 34.8618194790  
Si 6.1661452510 16.2536936040 33.7645485650  
Si 7.4072921640 2.5207772070 23.5840156830  
Si 10.4342331760 7.5682197830 33.2179032560  
Si 16.6894508870 0.9748764300 29.1385816190  
Si 17.2357952450 15.5241440550 34.9340805600  
Si 9.6557680470 14.1103192800 32.4980405110  
Si 11.6447072320 13.7019053040 30.0018049510  
Si 8.5105409760 4.9838672130 27.3266872240  
Si 17.8972521280 3.5888033290 30.4289380200  
Si 18.4159961380 4.8722432970 27.5968899520  
Si 3.3995458440 10.6266359650 32.5244518060  
Si 4.2752742190 12.4402702580 23.1161266110  
Si 13.3074373280 5.7634187500 27.4652692020  
Si 14.2230445460 9.4061564230 22.7285056060  
Si 1.1845766550 9.4879341320 33.9330860850  
Si 17.9004207830 7.9042759730 32.5501939020  
Si 15.8304073830 11.9083032630 26.0377250660  
Si 15.5027961570 4.7206919850 32.1001715150  
Si 8.7521115870 5.9468678650 30.0473000250  
Si 6.0434800770 3.1860578650 32.1044510530  
Si 11.3708816610 1.6230656960 24.2818345230  
Si 8.2679799580 1.5434407040 31.0974046560  
Si 7.0809545350 0.5970214380 26.1821946220  
Si 9.5023768290 15.1598880430 24.8709367390  
Si 11.3981323940 9.4738107150 31.1930450200  
Si 11.9633416500 7.9711178850 25.8059148680  
Si 12.8747681530 13.2928610640 35.0153966410  
Si 1.4368924650 17.4629684650 23.1265328210  
Si 18.5237287910 7.6140186980 22.9773782540  
Si 9.2971484620 4.8553009790 32.9554162490  
Si 10.7409338900 2.1795348550 32.5964625510  
Si 6.6976794730 13.8772322750 31.9763174120  
Si 11.0567999610 12.1657602830 32.8323514210  
Si 7.0957368980 8.8296761260 22.4999998050  
Si 14.4711796260 14.5464214930 25.4400214870  
Si 11.9308650390 7.3228898290 22.9014942020  
Si 6.0081916060 11.3195647470 33.8711217870  
Si 12.9603515480 10.8683574050 29.1025196490  
Si 2.0823246530 18.5112560990 27.2010313930  
Si 0.1637998490 15.2135964670 27.4117053040  
Si 8.7564926830 10.9713375530 27.0197634370  
Si 2.8124573180 2.1603166790 34.1636729510  
Si 17.1267647350 17.0402966800 28.7031040500  
Si 9.5434376640 17.5541997050 27.0308871150  
Si 18.2795427330 17.8045912580 33.6719079700  
Si 4.6008628440 14.5288878150 29.9700448860  
Si 4.8231929380 14.7249133410 25.0423189600  
Si 3.0057754700 14.2280707960 27.3391788760  
Si 17.2598639490 5.5866645730 34.3440490880  
Si 15.9613969300 7.0342361820 30.2438356590  
Si 15.8585225230 10.0829361610 33.1903813920  
Si 2.2595516150 3.2540690750 31.1687334750  
Si 11.8719532110 11.2783646440 23.8161451090  
Si 11.7105192640 15.9078004110 33.8946432350  
Si 14.0869200600 2.2586684620 23.1160703640  
Si 5.1578211710 3.8440221070 35.0633689850  
Si 4.2691181600 1.2149592390 30.4545656310  
Si 1.3695570250 7.5910645230 27.3791871720  
Si 12.4710477960 3.0075348960 28.4744498160  
Si 2.3039291940 13.2057862600 31.7146233290  
Si 15.7868005980 9.9092842890 29.8130604040  
Si 15.7552516100 5.9143279170 26.1071896530  
Si 3.2352337970 17.2982505810 29.9603670750  
Si 1.4338391220 2.5831903900 26.1603205070  
Si 6.1150714850 17.1189192300 23.5657036290  
Si 7.4289756710 13.5682485870 26.3579085460  
Si 8.7371130140 10.3281192820 29.9404312550  
Si 2.2772626690 6.8572524760 24.4981581100  
O 0.5543183550 8.4154222890 34.9875656600  
O 16.2112329450 14.3866418180 34.4632302540  
O 14.7709657630 9.7629726830 34.3520791300  
O 14.4360490570 15.1468297670 23.8731925370  
O 4.9077358690 4.6238030500 25.5915109940  
O 8.2327326560 5.1100588520 28.8912204340  
O 7.6542486080 16.9798891930 30.5071330340  
O 5.4304059640 18.4438612210 23.0359151340  
O 5.6408016220 3.3742041290 33.6210700150  
O 11.2176540550 7.9347403680 24.3189750290  
O 10.0179090460 9.4276858760 30.3218799900  
O 5.1750459500 1.9882447500 31.5236850950  
O 2.9025848840 2.0191595730 30.3297559430  
O 2.2502647490 10.7481357180 28.7166588480  
O 10.9422106350 13.5426544090 31.5616029800  
O 8.2345724610 14.3110326620 31.8689884970  
O 7.1615383210 5.5916104710 26.6264900370  
O 17.8756164240 4.5626410570 29.1185013370  
O 12.5237620070 9.7235378240 30.1060368610  
O 2.8559649260 3.1839360580 25.5788726570  
O 13.0049768260 14.1026660550 25.8292430900  
O 2.6940802260 12.3587402100 22.7970323670  
O 8.9419405670 16.9551091410 28.4306049790  
O 1.1856689980 10.8585525610 34.7292616290  
O 11.0355903720 7.7866075120 34.7483613010  
O 2.0124748430 16.7187763500 30.7271418380  
O 0.6225219040 3.6953872120 27.0572850910  
O 17.7354627150 18.4234517710 29.2750993660  
O 10.3019839370 10.8447547150 23.7107624430  
O 11.4377705980 17.3247558850 34.5943956960  
O 5.9801224670 14.8879763860 32.9499770190  
O 5.5698179850 4.4303100250 31.1352952540  
O 6.3850089980 7.7918547560 32.7733281140  
O 12.3628797200 5.7781135430 23.2093427990  
O 10.5559449590 13.9776124830 28.8934389390  
O 10.4358486240 5.9632625090 33.2182953420  
O 6.6216797050 12.4547497990 32.8102544600  
O 18.0668693840 6.4728422800 33.2353076620  
O 9.9781801650 3.4708157380 33.2580606060  
O 17.7087058370 0.3441806720 24.8633702040  
O 9.1232007660 17.9030516670 35.2230474340  
O 6.8678838260 10.0069294810 34.4520806230  
O 8.2744996720 9.5152784950 23.4452166170  
O 5.8874966200 5.3233427200 35.1005625600  
O 14.8508411180 15.7003407400 32.1499943900  
O 13.6890866810 17.3427635750 23.1744129950  
O 2.7318710580 5.4192463270 24.9159187660  
O 7.3522453360 17.0261711710 33.0071081920  
O 13.2958117450 4.1746117650 27.6205348270  
O 18.2983972430 15.9912351410 28.6755184140  
O 2.4979015090 10.0680735780 23.4194764010  
O 10.9443268900 0.7906151370 23.0140454690  
O 16.1560296410 11.6811172480 33.4504023520  
O 9.8640184990 12.0534713140 27.5771517880  
O 12.3122499740 12.5659537230 33.6734004420  
O 17.8012031010 8.5545438650 24.0660220570  
O 18.2155411090 1.4403420150 22.8889807360  
O 10.2922769980 15.1895055220 33.4959634280  
O 5.9202652280 13.9867454500 26.0674244320  
O 2.7756264140 12.1325173280 32.7717084500  
O 7.9370164170 0.1570265760 31.8308420030  
O 9.3986023340 15.8907243190 23.3769751260  
O 14.7701044360 15.8186183650 26.3610582080  
O 16.9882721870 11.5238769480 24.9518680510  
O 2.4579885980 10.4502621250 26.1274750450  
O 0.3402758050 17.6320400610 34.9922272710  
O 9.8345059460 5.9583209430 27.1731741080  
O 12.7174476070 2.5609820960 23.9057577200  
O 10.6454095690 14.1237172900 25.1872793650  
O 8.2446455740 1.9811701810 35.5314827950  
O 5.2604405150 1.0447512810 29.1797125240  
O 17.8742290580 4.2066867310 34.7993257540  
O 7.6598489120 9.6416742850 31.0201791910  
O 12.6484570190 14.9131235300 34.8320770530  
O 14.8292487620 5.0219056640 25.1513920880  
O 17.1580962500 9.7922791160 28.9059838280  
O 11.0453441230 8.1693559290 27.1560102040  
O 14.5463161880 10.9715986500 26.0002711580  
O 3.8214790110 18.5214936290 30.8286475480  
O 2.3159552200 12.7958576480 27.2882257040  
O 14.9070219570 6.1459029620 27.4934366710  
O 8.4012295970 10.1346460480 28.3664075590  
O 12.2871963660 6.3926156580 28.5128575120  
O 15.4643007280 13.3585958070 25.5826984590  
O 15.2631979590 8.3227444550 29.7172082890  
O 9.6417106860 12.7040782690 33.3492643950  
O 3.4490022870 14.6170906240 25.8438605130  
O 15.2205287280 5.8322130480 30.9373516860  
O 5.7166102000 18.4981711760 25.9973083840  
O 2.4441886480 16.8363600320 33.2727714600  
O 6.0041423340 3.1049723670 23.0964257300  
O 8.8250314050 3.6323753650 26.6603974390  
O 5.2762720260 16.1735614480 24.5961051530  
O 8.0079812720 5.3047156580 33.8998446000  
O 12.3940165760 12.2804680340 29.6531980060  
O 13.8024261160 17.4484520480 30.7322613780  
O 0.1877248430 8.6614574160 27.7957172590  
O 11.0650614050 3.7158285060 28.7148013290  
O 0.9123968160 16.2386328890 23.9725278790  
O 18.2782099640 15.6298704240 26.0012919610  
O 7.5215190690 2.7562036480 31.9291484560  
O 16.0776331870 7.2882848910 25.4490869640  
O 3.5844916610 13.7477836410 30.9735758210  
O 9.9843564890 6.8065257120 29.5230181650  
O 12.0334355730 0.6412159480 25.3593053630  
O 4.7087533550 6.5611721000 27.1631587800  
O 9.6508892190 16.3553781140 25.9810858650  
O 17.0506763000 9.4147142190 26.4575692670  
O 8.2546361210 3.6379221870 24.3500956990  
O 4.3362367760 11.4615688980 24.3954510400  
O 6.9203538270 18.2169228530 28.6549455670  
O 15.9909085570 17.8307821570 31.6949788570  
O 0.3521171160 9.0593606750 32.6095691890  
O 4.5334660050 6.4247776740 29.5596066850  
O 11.4518209430 8.2888343950 32.2319502170  
O 8.9921347280 8.1742908560 32.8126571870  
O 2.6205280630 18.0858609230 28.6536145410  
O 7.1125544830 1.4729941310 24.7960861240  
O 10.9667819390 18.1898394570 27.3272502790  
O 17.1094702680 12.3153462370 22.5422333580  
O 1.2891784940 1.9601148200 34.6242503770  
O 2.7436721430 7.5115930240 28.2840524680  
O 7.8239429730 7.1028117730 30.7204954900  
O 0.1425997720 17.0601671230 32.4232671760  
O 15.9298283060 18.5699301180 22.6758833090  
O 12.7461521480 6.5270453450 26.1167047620  
O 5.2470084690 11.8664582540 35.1193797160  
O 3.2934656470 18.1457493340 26.2126990790  
O 0.1496446560 11.3421884950 27.2699577490  
O 12.7696543270 14.8673260800 30.3059020720  
O 15.4537319680 9.3210830340 23.8810747750  
O 3.1042544110 10.4285496220 30.9705151680  
O 12.2587283820 15.6750399980 24.2922919310  
O 0.6725323140 3.4005137440 30.8407085720  
O 10.5894404010 0.9107481820 33.6018786110  
O 13.7369731540 18.1612767920 26.9659502980  
O 4.8067610770 16.7128815720 27.2980711120  
O 14.6002008070 10.8426789390 29.2938818120  
O 1.6312774890 12.2366305400 30.5902643560  
O 4.9105738740 17.3001996780 33.6006200190  
O 3.6711189500 3.2594262320 35.0512203710  
O 18.6044808100 14.9262625440 34.6207492000  
O 8.5920390820 18.6956822130 26.3875869450  
O 14.5277285540 3.7778450960 22.7584158000  
O 16.5526196820 17.4302731190 27.2300193110  
O 7.6472381020 17.3830622720 23.9844057160  
O 15.7745271290 16.7852704690 29.5810655890  
O 18.4087812570 13.6574245220 27.6802564160  
O 7.5681806040 11.9324351680 26.4365433770  
O 9.8335738470 1.7667250400 31.2451686780  
O 4.3027025460 16.0873520180 30.1075180830  
O 2.5720664270 2.8729264840 32.6970502440  
O 16.8207033340 8.7970925360 33.2929157180  
O 0.5722447430 6.1905140750 27.5470093170  
O 17.3929058580 2.1158554260 29.9311167800  
O 6.0022064210 14.0349052030 30.5539630230  
O 4.4068738220 8.9300505040 25.1309040250  
O 0.5808955330 18.0635731980 26.8546039380  
O 1.9272508920 7.6006025860 25.8599163330  
O 1.8722419030 1.3528089620 27.0788549930  
O 18.3974057760 13.7777501870 24.3222933790  
O 9.0116146790 5.1114631230 31.3994193720  
O 2.7182935850 9.4693186210 33.4122152850  
O 12.3649611980 1.5973622940 27.6893430830  
O 15.8638013880 5.3647578230 33.5554252190  
O 17.3458113450 6.6348144510 35.5571637660  
O 13.3922804610 8.0011804260 22.7036511550  
O 3.4092233860 0.6593899750 33.9999728560  
O 0.6196835190 11.4507790020 23.8152290540  
O 16.8985137420 16.8099127970 33.8888292370  
O 5.6647231980 8.6261687620 23.1702047190  
O 4.9415681680 10.5792345600 32.8466330680  
O 13.1890836530 2.8910574140 29.8788098770  
O 10.2365429640 2.5338924830 24.9843703190  
O 3.0660154620 4.5885284860 30.7602889870  
O 3.5993977830 7.3146196260 23.6660177500  
O 1.1566404040 0.0824953320 23.8846287710  
O 7.4501778220 7.2787517980 35.2358420490  
O 9.1010064210 10.1610874740 25.6656851840  
O 15.3738797450 0.3157103820 29.7110848820  
O 11.2195724370 10.8216346820 31.9939376140  
O 8.1195563260 14.3996322030 25.1392668600  
O 14.4977294850 17.6045576950 33.8576992900  
O 14.4081484340 3.5684834630 31.8814162010  
O 16.8911964650 1.2214120680 27.5548869420  
O 8.3797409790 13.9460808950 27.6658609020  
O 17.2993682680 7.4397404980 31.0491645390  
O 4.5450736890 4.1317360110 28.6419823380  
O 16.6068414660 12.0883854050 27.3990167320  
O 12.1748797910 12.7436916990 23.1566603080  
O 9.0762088690 11.8782082330 30.1219532880  
O 13.8244108980 1.0737292790 35.1795660870  
O 12.4883762600 16.1329670640 32.5579896890  
O 17.1464455220 5.1100781460 26.5919857530  
O 12.2274959290 11.2484859040 25.3655925310  
O 15.2702462750 1.6877187970 24.0868207520  
O 12.2530100250 2.5107572520 32.1301383030  
O 12.7405620820 10.6965609390 27.5880496870  
O 16.9372842200 4.1006435310 31.6147713880  
O 18.1752620640 0.6727939240 33.6909319570  
O 15.7152168340 10.1244426560 31.5049484770  
O 14.4017354550 12.8766206020 35.1125191270  
O 2.8764361560 17.4685177420 35.5794183770  
O 4.0909786550 14.1638526410 28.5035631310  
O 6.7876016970 1.4696651690 27.4184456320  
O 7.6121141980 1.4392515460 29.6596723050  
O 6.2362570700 16.0841787930 35.3591156310  
O 1.7170386320 15.2605952420 27.5714267440  
O 4.5378141670 13.9815964500 23.6417289850  
O 15.4605652860 18.0621312010 25.1151857670  
O 0.4209915620 2.0731337760 25.0371053150  
O 1.5535734260 14.5424345740 32.2228856060  
O 5.7435392730 6.9440037060 24.8210769240  
O 13.0345268200 9.0965572090 25.8475210490  
O 0.9493520590 6.7036861830 23.6406877020  
O 13.0640084050 10.4342035000 23.0149271720  
O 17.2884612080 15.8581948780 23.3669257730  
Al 17.7922235020 18.7515229780 26.6140622290  
Al 13.7413820580 4.9791131640 23.7757262540  

