&CONTROL
   calculation      = 'scf'
   restart_mode     = 'from_scratch'
   tstress          = .true.
   tprnfor          = .true.
   outdir           = './outputs'
   disk_io          = 'low'
   pseudo_dir       = '/home/sabeel/VOCC_Simulation/pseudopotentials/SSSP_Precision'
/
&SYSTEM
   ecutwfc          = 80
   ecutrho          = 360
   occupations      = 'smearing'
   degauss          = 0.01
   smearing         = 'gaussian'
   ntyp             = 7
   nat              = 358
   ibrav            = 0
/
&ELECTRONS
   electron_maxstep = 500
   conv_thr         = 1e-08
   mixing_beta      = 0.1
/
&IONS
/
&CELL
/
&FCP
/
&RISM
/
ATOMIC_SPECIES
Na 22.98976928 Na.paw.z_9.ld1.psl.v1.0.0-low.upf
B 10.81 B_pbe_v1.01.uspp.F.UPF
Si 28.085 Si.pbe-n-rrkjus_psl.1.0.0.UPF
O 15.999 O.pbe-n-kjpaw_psl.0.1.UPF
Al 26.9815385 Al.pbe-n-kjpaw_psl.1.0.0.UPF
C 12.011 C.pbe-n-kjpaw_psl.1.0.0.UPF
H 1.008 H_ONCV_PBE-1.0.oncvpsp.upf

K_POINTS automatic
1 1 1  0 0 0

CELL_PARAMETERS angstrom
18.77972626575893 0.00000000000000 0.00000000000000
0.00000000000000 18.77972626575893 0.00000000000000
0.00000000000000 0.00000000000000 58.07941868518237

ATOMIC_POSITIONS angstrom
Na 4.6504743517 2.4174416977 27.0463769353  
Na 4.4077339676 7.4457834744 34.4740533686  
Na 4.8466077936 8.3705672886 31.0832843769  
Na 0.9107115161 0.5218745287 30.5693513414  
Na 4.4175801578 1.5269087446 24.1566430433  
Na 1.4033010364 4.4535424309 22.5027555117  
Na 2.1283181191 14.4584389511 34.9517629658  
Na 16.9714460774 3.6699511354 23.8517168525  
Na 9.7313561851 1.9043622546 28.0582887523  
Na 7.1431023643 0.2633883978 34.3718506599  
Na 6.6577499201 9.3696228045 25.8637111535  
B 17.9644232450 12.3194803014 27.5342331856  
B 7.0969313309 5.9911318202 34.7541997095  
B 11.9390852388 14.5686923933 25.1192892962  
B 18.7015309118 1.5547308810 34.6979218789  
B 13.1217315253 10.4921929960 26.1847029110  
B 1.6963335329 11.2632071490 22.9113439195  
B 17.7672078309 9.4234335902 27.7088832549  
B 0.0607476964 0.9899305337 24.1121107614  
B 2.3305865190 11.1554718183 30.0791888987  
B 7.8400276673 17.2737269200 29.1864647837  
B 8.7104642002 17.1032256853 23.1417512914  
B 9.5702489073 13.3203608513 28.1697444076  
B 7.5783248282 17.5922193739 31.7382453126  
B 13.3949659645 16.0758537984 23.5839488358  
B 4.8447428013 7.9208776532 24.1777478108  
B 3.4982741918 4.3922252733 25.4963656187  
B 4.0093201353 6.8825095964 28.3069734504  
B 6.6597644693 0.8687683435 28.7215134394  
B 15.1781609707 17.8491587629 30.4577847551  
B 9.2303155963 10.1563750593 24.2503101853  
B 4.6413833803 17.7479767894 26.4778990754  
B 13.3134091145 2.9410749450 31.3049737000  
B 9.1248968924 3.2783639499 25.3502586598  
Si 10.7809928541 6.9228466533 28.1350234950  
Si 18.0293187426 12.2472784277 23.8760605372  
Si 15.0794935769 17.3474996560 26.4617691736  
Si 12.3740114425 0.2093298238 26.8619690642  
Si 13.4238057776 15.9978740160 31.2846070717  
Si 7.6299104440 8.2079976383 31.9264334085  
Si 16.2487797676 0.3647013461 24.1634237287  
Si 16.5120030568 8.8722149286 25.0031885769  
Si 18.3309104841 15.3830848306 24.4220758589  
Si 1.7419698526 11.2685217042 27.2908143323  
Si 15.9478156361 12.7734690197 34.6108398836  
Si 14.3639331595 18.3283399365 35.2711510969  
Si 15.5548135983 16.9120904341 32.9243170563  
Si 4.5087708530 4.9119581875 30.0650090491  
Si 1.4688747796 16.1102175683 32.1394227433  
Si 3.3690514757 10.1816098907 24.8444421916  
Si 5.7195320173 5.9244277609 26.0226694703  
Si 3.5086954355 17.8343868306 34.0746080492  
Si 10.5119188820 18.6708299311 34.8618197805  
Si 6.1661453287 16.2536938089 33.7645488573  
Si 7.4072922580 2.5207772392 23.5840158869  
Si 10.4342333079 7.5682198790 33.2179035437  
Si 16.6894510979 0.9748764419 29.1385818711  
Si 17.2357954629 15.5241442508 34.9340808628  
Si 9.6557681686 14.1103194587 32.4980407926  
Si 11.6447073793 13.7019054769 30.0018052105  
Si 8.5105410837 4.9838672759 27.3266874605  
Si 17.8972523539 3.5888033746 30.4289382839  
Si 18.4159963710 4.8722433589 27.5968901906  
Si 3.3995458871 10.6266360992 32.5244520874  
Si 4.2752742734 12.4402704156 23.1161268114  
Si 13.3074374957 5.7634188224 27.4652694398  
Si 14.2230447261 9.4061565423 22.7285058032  
Si 1.1845766703 9.4879342521 33.9330863786  
Si 17.9004210092 7.9042760729 32.5501941837  
Si 15.8304075833 11.9083034131 26.0377252918  
Si 15.5027963528 4.7206920450 32.1001717926  
Si 8.7521116980 5.9468679397 30.0473002847  
Si 6.0434801532 3.1860579051 32.1044513309  
Si 11.3708818047 1.6230657164 24.2818347333  
Si 8.2679800625 1.5434407238 31.0974049248  
Si 7.0809546245 0.5970214458 26.1821948487  
Si 9.5023769491 15.1598882348 24.8709369540  
Si 11.3981325375 9.4738108346 31.1930452897  
Si 11.9633418012 7.9711179855 25.8059150919  
Si 12.8747683152 13.2928612323 35.0153969439  
Si 1.4368924828 17.4629686855 23.1265330214  
Si 18.5237290247 7.6140187938 22.9773784533  
Si 9.2971485794 4.8553010404 32.9554165344  
Si 10.7409340253 2.1795348827 32.5964628334  
Si 6.6976795577 13.8772324505 31.9763176889  
Si 11.0568001004 12.1657604371 32.8323517053  
Si 7.0957369872 8.8296762371 22.5000000000  
Si 14.4711798085 14.5464216773 25.4400217072  
Si 11.9308651902 7.3228899217 22.9014944003  
Si 6.0081916815 11.3195648899 33.8711220800  
Si 12.9603517116 10.8683575424 29.1025199013  
Si 2.0823246795 18.5112563333 27.2010316283  
Si 0.1637998512 15.2135966593 27.4117055416  
Si 8.7564927934 10.9713376918 27.0197636711  
Si 2.8124573536 2.1603167060 34.1636732465  
Si 17.1267649513 17.0402968952 28.7031042983  
Si 9.5434377850 17.5541999266 27.0308873490  
Si 18.2795429640 17.8045914833 33.6719082612  
Si 4.6008629023 14.5288879988 29.9700451457  
Si 4.8231929993 14.7249135268 25.0423191767  
Si 3.0057755081 14.2280709757 27.3391791131  
Si 17.2598641669 5.5866646440 34.3440493848  
Si 15.9613971321 7.0342362709 30.2438359205  
Si 15.8585227236 10.0829362888 33.1903816792  
Si 2.2595516431 3.2540691165 31.1687337452  
Si 11.8719533606 11.2783647868 23.8161453153  
Si 11.7105194124 15.9078006123 33.8946435285  
Si 14.0869202384 2.2586684907 23.1160705644  
Si 5.1578212361 3.8440221551 35.0633692885  
Si 4.2691182140 1.2149592542 30.4545658948  
Si 1.3695570427 7.5910646191 27.3791874093  
Si 12.4710479541 3.0075349336 28.4744500628  
Si 2.3039292233 13.2057864265 31.7146236039  
Si 15.7868007979 9.9092844144 29.8130606622  
Si 15.7552518095 5.9143279915 26.1071898788  
Si 3.2352338380 17.2982507995 29.9603673341  
Si 1.4338391400 2.5831904229 26.1603207337  
Si 6.1150715619 17.1189194463 23.5657038330  
Si 7.4289757644 13.5682487583 26.3579087747  
Si 8.7371131249 10.3281194121 29.9404315140  
Si 2.2772626975 6.8572525631 24.4981583225  
O 0.5543183617 8.4154223950 34.9875659627  
O 16.2112331497 14.3866419998 34.4632305519  
O 14.7709659497 9.7629728059 34.3520794271  
O 14.4360492393 15.1468299580 23.8731927439  
O 4.9077359311 4.6238031085 25.5915112158  
O 8.2327327601 5.1100589168 28.8912206843  
O 7.6542487050 16.9798894074 30.5071332976  
O 5.4304060322 18.4438614546 23.0359153338  
O 5.6408016935 3.3742041721 33.6210703065  
O 11.2176541967 7.9347404684 24.3189752396  
O 10.0179091726 9.4276859950 30.3218802529  
O 5.1750460154 1.9882447750 31.5236853681  
O 2.9025849202 2.0191595985 30.3297562059  
O 2.2502647777 10.7481358540 28.7166590968  
O 10.9422107732 13.5426545806 31.5616032528  
O 8.2345725651 14.3110328431 31.8689887730  
O 7.1615384110 5.5916105414 26.6264902679  
O 17.8756166499 4.5626411146 29.1185015893  
O 12.5237621657 9.7235379473 30.1060371216  
O 2.8559649625 3.1839360981 25.5788728784  
O 13.0049769907 14.1026662328 25.8292433136  
O 2.6940802603 12.3587403658 22.7970325648  
O 8.9419406802 16.9551093557 28.4306052250  
O 1.1856690128 10.8585526977 34.7292619301  
O 11.0355905119 7.7866076103 34.7483616019  
O 2.0124748686 16.7187765610 30.7271421037  
O 0.6225219120 3.6953872590 27.0572853252  
O 17.7354629387 18.4234520041 29.2750996190  
O 10.3019840670 10.8447548525 23.7107626479  
O 11.4377707427 17.3247561037 34.5943959955  
O 5.9801225430 14.8879765741 32.9499773047  
O 5.5698180551 4.4303100814 31.1352955239  
O 6.3850090786 7.7918548541 32.7733283981  
O 12.3628798760 5.7781136161 23.2093429997  
O 10.5559450923 13.9776126593 28.8934391888  
O 10.4358487562 5.9632625846 33.2182956299  
O 6.6216797882 12.4547499568 32.8102547439  
O 18.0668696125 6.4728423616 33.2353079500  
O 9.9781802914 3.4708157816 33.2580608941  
O 17.7087060610 0.3441806767 24.8633704188  
O 9.1232008810 17.9030518932 35.2230477386  
O 6.8678839132 10.0069296078 34.4520809212  
O 8.2744997769 9.5152786155 23.4452168197  
O 5.8874966945 5.3233427875 35.1005628641  
O 14.8508413056 15.7003409387 32.1499946682  
O 13.6890868536 17.3427637945 23.1744131952  
O 2.7318710930 5.4192463958 24.9159189814  
O 7.3522454290 17.0261713859 33.0071084779  
O 13.2958119134 4.1746118173 27.6205350661  
O 18.2983974738 15.9912353434 28.6755186622  
O 2.4979015402 10.0680737056 23.4194766035  
O 10.9443270282 0.7906151468 23.0140456678  
O 16.1560298451 11.6811173956 33.4504026417  
O 9.8640186239 12.0534714661 27.5771520271  
O 12.3122501294 12.5659538816 33.6734007335  
O 17.8012033256 8.5545439735 24.0660222649  
O 18.2155413391 1.4403420333 22.8889809345  
O 10.2922771282 15.1895057137 33.4959637184  
O 5.9202653024 13.9867456263 26.0674246579  
O 2.7756264492 12.1325174816 32.7717087337  
O 7.9370165172 0.1570265784 31.8308422788  
O 9.3986024532 15.8907245199 23.3769753283  
O 14.7701046227 15.8186185645 26.3610584357  
O 16.9882724016 11.5238770932 24.9518682669  
O 2.4579886287 10.4502622575 26.1274752713  
O 0.3402758097 17.6320402839 34.9922275744  
O 9.8345060701 5.9583210183 27.1731743430  
O 12.7174477679 2.5609821286 23.9057579265  
O 10.6454097037 14.1237174687 25.1872795834  
O 8.2446456780 1.9811702058 35.5314831026  
O 5.2604405816 1.0447512941 29.1797127763  
O 17.8742292842 4.2066867839 34.7993260554  
O 7.6598490089 9.6416744069 31.0201794599  
O 12.6484571789 14.9131237186 34.8320773547  
O 14.8292489497 5.0219057270 25.1513923055  
O 17.1580964669 9.7922792402 28.9059840783  
O 11.0453442624 8.1693560322 27.1560104396  
O 14.5463163722 10.9715987885 26.0002713828  
O 3.8214790597 18.5214938633 30.8286478148  
O 2.3159552489 12.7958578102 27.2882259401  
O 14.9070221459 6.1459030394 27.4934369089  
O 8.4012297031 10.1346461759 28.3664078045  
O 12.2871965209 6.3926157391 28.5128577588  
O 15.4643009233 13.3585959762 25.5826986807  
O 15.2631981523 8.3227445599 29.7172085461  
O 9.6417108078 12.7040784299 33.3492646840  
O 3.4490023306 14.6170908086 25.8438607366  
O 15.2205289202 5.8322131217 30.9373519537  
O 5.7166102726 18.4981714096 25.9973086094  
O 2.4441886786 16.8363602449 33.2727717483  
O 6.0041424102 3.1049724067 23.0964259295  
O 8.8250315162 3.6323754113 26.6603976702  
O 5.2762720929 16.1735616526 24.5961053660  
O 8.0079813728 5.3047157249 33.8998448933  
O 12.3940167322 12.2804681888 29.6531982631  
O 13.8024262908 17.4484522689 30.7322616436  
O 0.1877248450 8.6614575255 27.7957174997  
O 11.0650615445 3.7158285526 28.7148015774  
O 0.9123968273 16.2386330945 23.9725280863  
O 18.2782101954 15.6298706214 26.0012921862  
O 7.5215191636 2.7562036832 31.9291487324  
O 16.0776333905 7.2882849826 25.4490871844  
O 3.5844917064 13.7477838143 30.9735760891  
O 9.9843566154 6.8065257984 29.5230184209  
O 12.0334357251 0.6412159563 25.3593055830  
O 4.7087534146 6.5611721832 27.1631590154  
O 9.6508893410 16.3553783204 25.9810860898  
O 17.0506765157 9.4147143376 26.4575694959  
O 8.2546362252 3.6379222328 24.3500959095  
O 4.3362368310 11.4615690429 24.3954512514  
O 6.9203539143 18.2169230829 28.6549458155  
O 15.9909087594 17.8307823825 31.6949791318  
O 0.3521171209 9.0593607898 32.6095694717  
O 4.5334660621 6.4247777557 29.5596069410  
O 11.4518210878 8.2888345001 32.2319504961  
O 8.9921348419 8.1742909594 32.8126574708  
O 2.6205280961 18.0858611514 28.6536147892  
O 7.1125545725 1.4729941491 24.7960863384  
O 10.9667820776 18.1898396870 27.3272505156  
O 17.1094704841 12.3153463927 22.5422335528  
O 1.2891785104 1.9601148449 34.6242506764  
O 2.7436721775 7.5115931187 28.2840527131  
O 7.8239430715 7.1028118623 30.7204957562  
O 0.1425997741 17.0601673383 32.4232674567  
O 15.9298285073 18.5699303527 22.6758835055  
O 12.7461523087 6.5270454278 26.1167049880  
O 5.2470085352 11.8664584036 35.1193800199  
O 3.2934656890 18.1457495636 26.2126993063  
O 0.1496446578 11.3421886382 27.2699579849  
O 12.7696544884 14.8673262678 30.3059023346  
O 15.4537321628 9.3210831514 23.8810749816  
O 3.1042544503 10.4285497537 30.9705154357  
O 12.2587285366 15.6750401961 24.2922921415  
O 0.6725323225 3.4005137870 30.8407088388  
O 10.5894405350 0.9107481938 33.6018789018  
O 13.7369733272 18.1612770213 26.9659505310  
O 4.8067611374 16.7128817830 27.2980713482  
O 14.6002009918 10.8426790757 29.2938820661  
O 1.6312775095 12.2366306946 30.5902646207  
O 4.9105739363 17.3001998970 33.6006203095  
O 3.6711189961 3.2594262735 35.0512206747  
O 18.6044810454 14.9262627324 34.6207494999  
O 8.5920391910 18.6956824494 26.3875871739  
O 14.5277287380 3.7778451439 22.7584159967  
O 16.5526198908 17.4302733391 27.2300195468  
O 7.6472381989 17.3830624914 23.9844059236  
O 15.7745273287 16.7852706808 29.5810658449  
O 18.4087814899 13.6574246942 27.6802566553  
O 7.5681807000 11.9324353189 26.4365436061  
O 9.8335739715 1.7667250623 31.2451689484  
O 4.3027026000 16.0873522214 30.1075183434  
O 2.5720664596 2.8729265199 32.6970505271  
O 16.8207035467 8.7970926468 33.2929160061  
O 0.5722447504 6.1905141534 27.5470095558  
O 17.3929060774 2.1158554523 29.9311170393  
O 6.0022064970 14.0349053800 30.5539632871  
O 4.4068738777 8.9300506165 25.1309042425  
O 0.5808955399 18.0635734267 26.8546041709  
O 1.9272509162 7.6006026824 25.8599165568  
O 1.8722419262 1.3528089790 27.0788552270  
O 18.3974060087 13.7777503613 24.3222935892  
O 9.0116147926 5.1114631875 31.3994196437  
O 2.7182936191 9.4693187404 33.4122155739  
O 12.3649613539 1.5973623141 27.6893433230  
O 15.8638015886 5.3647578905 33.5554255096  
O 17.3458115644 6.6348145353 35.5571640737  
O 13.3922806304 8.0011805269 22.7036513515  
O 3.4092234293 0.6593899838 33.9999731505  
O 0.6196835270 11.4507791468 23.8152292602  
O 16.8985139553 16.8099130091 33.8888295305  
O 5.6647232695 8.6261688706 23.1702049198  
O 4.9415682303 10.5792346939 32.8466333519  
O 13.1890838200 2.8910574508 29.8788101360  
O 10.2365430930 2.5338925149 24.9843705355  
O 3.0660155009 4.5885285438 30.7602892530  
O 3.5993978286 7.3146197182 23.6660179547  
O 1.1566404188 0.0824953333 23.8846289778  
O 7.4501779166 7.2787518900 35.2358423543  
O 9.1010065355 10.1610876021 25.6656854065  
O 15.3738799394 0.3157103857 29.7110851387  
O 11.2195725792 10.8216348190 31.9939378914  
O 8.1195564288 14.3996323851 25.1392670781  
O 14.4977296677 17.6045579174 33.8576995826  
O 14.4081486160 3.5684835078 31.8814164769  
O 16.8911966782 1.2214120838 27.5548871810  
O 8.3797410846 13.9460810714 27.6658611414  
O 17.2993684865 7.4397405917 31.0491648076  
O 4.5450737462 4.1317360629 28.6419825857  
O 16.6068416754 12.0883855582 27.3990169693  
O 12.1748799447 12.7436918604 23.1566605089  
O 9.0762089839 11.8782083826 30.1219535490  
O 13.8244110726 1.0737292924 35.1795663913  
O 12.4883764183 16.1329672678 32.5579899707  
O 17.1464457388 5.1100782109 26.5919859830  
O 12.2274960836 11.2484860461 25.3655927506  
O 15.2702464676 1.6877188180 24.0868209610  
O 12.2530101798 2.5107572840 32.1301385809  
O 12.7405622430 10.6965610738 27.5880499258  
O 16.9372844339 4.1006435832 31.6147716618  
O 18.1752622936 0.6727939324 33.6909322488  
O 15.7152170323 10.1244427839 31.5049487501  
O 14.4017356373 12.8766207646 35.1125194315  
O 2.8764361922 17.4685179627 35.5794186852  
O 4.0909787062 14.1638528198 28.5035633773  
O 6.7876017833 1.4696651876 27.4184458690  
O 7.6121142943 1.4392515645 29.6596725617  
O 6.2362571488 16.0841789967 35.3591159370  
O 1.7170386541 15.2605954346 27.5714269831  
O 4.5378142241 13.9815966270 23.6417291896  
O 15.4605654814 18.0621314288 25.1151859844  
O 0.4209915669 2.0731338020 25.0371055320  
O 1.5535734453 14.5424347575 32.2228858850  
O 5.7435393460 6.9440037937 24.8210771385  
O 13.0345269849 9.0965573240 25.8475212723  
O 0.9493520705 6.7036862675 23.6406879068  
O 13.0640085702 10.4342036323 23.0149273714  
O 17.2884614260 15.8581950780 23.3669259756  
Al 17.7922237271 18.7515232146 26.6140624593  
Al 13.7413822320 4.9791132265 23.7757264600  
C 9.7924590894 7.5409255334 15.9259195769  
C 8.4125075046 7.3424335724 15.6827619839  
C 10.6165084272 6.4271727141 16.1557381932  
C 7.8971149195 6.0360435373 15.6768620426  
C 10.3077541639 8.8473015433 15.9318023433  
C 7.5885739249 8.4561936687 15.4528624533  
C 10.0875641037 5.1362174012 16.1460514675  
C 8.7304910120 4.9410348684 15.9071261597  
C 9.4744938295 9.9423174892 15.7014573119  
C 8.1175547433 9.7471354851 15.4623530006  
H 11.6801603114 6.5561097733 16.3446360860  
H 6.8394057284 5.8598682236 15.4922175847  
H 11.3654325093 9.0235823867 16.1165357508  
H 6.5247635144 8.3272150625 15.2637340323  
H 10.7357280125 4.2833639990 16.3253029994  
H 8.3193307455 3.9357057168 15.8997003834  
H 9.8856849417 10.9475411112 15.7087941385  
H 7.4693782362 10.6000876686 15.2830923292  

